A24=[0	10.027308	;
0.000776	10.040823	;
0.001552	10.055536	;
0.002327	10.071452	;
0.003103	10.088573	;
0.003879	10.106905	;
0.004655	10.126452	;
0.00543	10.147218	;
0.006206	10.169206	;
0.006982	10.192422	;
0.007758	10.216869	;
0.008533	10.242552	;
0.009309	10.269474	;
0.010085	10.297641	;
0.010861	10.327055	;
0.011636	10.357721	;
0.012412	10.389644	;
0.013188	10.422828	;
0.013964	10.457276	;
0.014739	10.492993	;
0.015515	10.529983	;
0.016291	10.56825	;
0.017067	10.607789	;
0.017842	10.648597	;
0.018618	10.690668	;
0.019394	10.733997	;
0.02017	10.778578	;
0.020945	10.824407	;
0.021721	10.871478	;
0.022497	10.919786	;
0.023273	10.969326	;
0.024048	11.020089	;
0.024824	11.072042	;
0.0256	11.125137	;
0.026376	11.17933	;
0.027151	11.234574	;
0.027927	11.290823	;
0.028703	11.34803	;
0.029479	11.406151	;
0.030254	11.465138	;
0.03103	11.524946	;
0.031806	11.585527	;
0.032582	11.646817	;
0.033357	11.708744	;
0.034133	11.771234	;
0.034909	11.834214	;
0.035685	11.897612	;
0.03646	11.961354	;
0.037236	12.025368	;
0.038012	12.089581	;
0.038788	12.15392	;
0.039563	12.218312	;
0.040339	12.282702	;
0.041115	12.347043	;
0.041891	12.411289	;
0.042666	12.475395	;
0.043442	12.539314	;
0.044218	12.603001	;
0.044994	12.666409	;
0.045769	12.729492	;
0.046545	12.792205	;
0.047321	12.854503	;
0.048097	12.916362	;
0.048872	12.977776	;
0.049648	13.03874	;
0.050424	13.099249	;
0.0512	13.159296	;
0.051975	13.218875	;
0.052751	13.277983	;
0.053527	13.336612	;
0.054303	13.394758	;
0.055078	13.452414	;
0.055854	13.509573	;
0.05663	13.566225	;
0.057406	13.622359	;
0.058181	13.677966	;
0.058957	13.733036	;
0.059733	13.787558	;
0.060509	13.841523	;
0.061284	13.89492	;
0.06206	13.947739	;
0.062836	13.99997	;
0.063612	14.051608	;
0.064387	14.10265	;
0.065163	14.153097	;
0.065939	14.202946	;
0.066715	14.252196	;
0.06749	14.300847	;
0.068266	14.348898	;
0.069042	14.396347	;
0.069818	14.443193	;
0.070593	14.489435	;
0.071369	14.535063	;
0.072145	14.580052	;
0.072921	14.624378	;
0.073696	14.668017	;
0.074472	14.710943	;
0.075248	14.753132	;
0.076024	14.794559	;
0.0768	14.835199	;
0.077575	14.875028	;
0.078351	14.914021	;
0.079127	14.95216	;
0.079903	14.989438	;
0.080678	15.025849	;
0.081454	15.061387	;
0.08223	15.096048	;
0.083006	15.129824	;
0.083781	15.162711	;
0.084557	15.194702	;
0.085333	15.225791	;
0.086109	15.255974	;
0.086884	15.285241	;
0.08766	15.313578	;
0.088436	15.340971	;
0.089212	15.367404	;
0.089987	15.392863	;
0.090763	15.417332	;
0.091539	15.440797	;
0.092315	15.463243	;
0.09309	15.484655	;
0.093866	15.505018	;
0.094642	15.524323	;
0.095418	15.542574	;
0.096193	15.559777	;
0.096969	15.57594	;
0.097745	15.591069	;
0.098521	15.60517	;
0.099296	15.618249	;
0.100072	15.630315	;
0.100848	15.641372	;
0.101624	15.651429	;
0.102399	15.660489	;
0.103175	15.668554	;
0.103951	15.675625	;
0.104727	15.681701	;
0.105502	15.686783	;
0.106278	15.690872	;
0.107054	15.693967	;
0.10783	15.69607	;
0.108605	15.697179	;
0.109381	15.697297	;
0.110157	15.696427	;
0.110933	15.694593	;
0.111708	15.691822	;
0.112484	15.688142	;
0.11326	15.683579	;
0.114036	15.678162	;
0.114811	15.671917	;
0.115587	15.664871	;
0.116363	15.657054	;
0.117139	15.64849	;
0.117914	15.639207	;
0.11869	15.629227	;
0.119466	15.618567	;
0.120242	15.607249	;
0.121017	15.59529	;
0.121793	15.582712	;
0.122569	15.569533	;
0.123345	15.555773	;
0.12412	15.541452	;
0.124896	15.526589	;
0.125672	15.511203	;
0.126448	15.495315	;
0.127223	15.478943	;
0.127999	15.462109	;
0.128775	15.444832	;
0.129551	15.427132	;
0.130326	15.409029	;
0.131102	15.390542	;
0.131878	15.371692	;
0.132654	15.352498	;
0.133429	15.332981	;
0.134205	15.313165	;
0.134981	15.293077	;
0.135757	15.272743	;
0.136532	15.252189	;
0.137308	15.231442	;
0.138084	15.210527	;
0.13886	15.189472	;
0.139635	15.168302	;
0.140411	15.147043	;
0.141187	15.125723	;
0.141963	15.104364	;
0.142738	15.082992	;
0.143514	15.06163	;
0.14429	15.040302	;
0.145066	15.019031	;
0.145841	14.997842	;
0.146617	14.976758	;
0.147393	14.955803	;
0.148169	14.935	;
0.148944	14.914374	;
0.14972	14.893943	;
0.150496	14.873722	;
0.151272	14.853727	;
0.152047	14.833975	;
0.152823	14.814479	;
0.153599	14.795257	;
0.154375	14.776323	;
0.155151	14.757694	;
0.155926	14.739385	;
0.156702	14.72141	;
0.157478	14.703777	;
0.158254	14.686486	;
0.159029	14.669537	;
0.159805	14.65293	;
0.160581	14.636663	;
0.161357	14.620739	;
0.162132	14.605155	;
0.162908	14.589913	;
0.163684	14.575011	;
0.16446	14.560451	;
0.165235	14.546234	;
0.166011	14.532365	;
0.166787	14.518847	;
0.167563	14.505686	;
0.168338	14.492885	;
0.169114	14.48045	;
0.16989	14.468384	;
0.170666	14.456691	;
0.171441	14.445377	;
0.172217	14.434445	;
0.172993	14.423892	;
0.173769	14.413704	;
0.174544	14.403868	;
0.17532	14.39437	;
0.176096	14.385198	;
0.176872	14.376337	;
0.177647	14.367773	;
0.178423	14.359495	;
0.179199	14.351487	;
0.179975	14.343737	;
0.18075	14.336232	;
0.181526	14.328964	;
0.182302	14.321922	;
0.183078	14.315099	;
0.183853	14.308485	;
0.184629	14.302071	;
0.185405	14.295848	;
0.186181	14.289806	;
0.186956	14.283937	;
0.187732	14.278231	;
0.188508	14.27268	;
0.189284	14.267275	;
0.190059	14.262006	;
0.190835	14.256866	;
0.191611	14.251846	;
0.192387	14.246935	;
0.193162	14.242127	;
0.193938	14.237412	;
0.194714	14.232781	;
0.19549	14.228225	;
0.196265	14.223738	;
0.197041	14.219316	;
0.197817	14.214957	;
0.198593	14.210657	;
0.199368	14.206415	;
0.200144	14.202227	;
0.20092	14.198091	;
0.201696	14.194004	;
0.202471	14.189963	;
0.203247	14.185965	;
0.204023	14.182009	;
0.204799	14.178089	;
0.205574	14.174202	;
0.20635	14.170345	;
0.207126	14.166512	;
0.207902	14.162702	;
0.208677	14.158909	;
0.209453	14.155129	;
0.210229	14.15136	;
0.211005	14.147596	;
0.21178	14.143836	;
0.212556	14.140082	;
0.213332	14.136335	;
0.214108	14.132598	;
0.214883	14.128874	;
0.215659	14.125165	;
0.216435	14.121474	;
0.217211	14.117803	;
0.217986	14.114155	;
0.218762	14.110531	;
0.219538	14.106935	;
0.220314	14.103369	;
0.221089	14.099833	;
0.221865	14.096331	;
0.222641	14.092863	;
0.223417	14.089432	;
0.224192	14.086039	;
0.224968	14.082686	;
0.225744	14.079375	;
0.22652	14.076107	;
0.227295	14.072883	;
0.228071	14.069691	;
0.228847	14.066518	;
0.229623	14.06335	;
0.230399	14.060174	;
0.231174	14.056977	;
0.23195	14.053745	;
0.232726	14.050464	;
0.233502	14.047121	;
0.234277	14.043702	;
0.235053	14.040196	;
0.235829	14.036604	;
0.236605	14.032932	;
0.23738	14.029183	;
0.238156	14.025365	;
0.238932	14.021482	;
0.239708	14.01754	;
0.240483	14.013543	;
0.241259	14.009497	;
0.242035	14.005407	;
0.242811	14.001277	;
0.243586	13.997096	;
0.244362	13.99285	;
0.245138	13.988523	;
0.245914	13.9841	;
0.246689	13.979565	;
0.247465	13.974902	;
0.248241	13.970097	;
0.249017	13.965133	;
0.249792	13.959996	;
0.250568	13.954669	;
0.251344	13.94914	;
0.25212	13.943392	;
0.252895	13.937414	;
0.253671	13.93119	;
0.254447	13.924706	;
0.255223	13.917949	;
0.255998	13.910904	;
0.256774	13.903559	;
0.25755	13.895897	;
0.258326	13.887906	;
0.259101	13.879571	;
0.259877	13.870878	;
0.260653	13.861811	;
0.261429	13.852356	;
0.262204	13.842498	;
0.26298	13.832223	;
0.263756	13.821515	;
0.264532	13.810361	;
0.265307	13.798745	;
0.266083	13.786653	;
0.266859	13.774076	;
0.267635	13.761008	;
0.26841	13.747443	;
0.269186	13.733377	;
0.269962	13.718803	;
0.270738	13.703716	;
0.271513	13.68811	;
0.272289	13.671981	;
0.273065	13.655322	;
0.273841	13.638129	;
0.274616	13.620398	;
0.275392	13.602132	;
0.276168	13.583332	;
0.276944	13.564	;
0.277719	13.544137	;
0.278495	13.523744	;
0.279271	13.502824	;
0.280047	13.481377	;
0.280822	13.459405	;
0.281598	13.43691	;
0.282374	13.413899	;
0.28315	13.390388	;
0.283925	13.366392	;
